<div style=" width:100%; margin-left:50px">
      
      <svg version="1.0" xmlns="http://www.w3.org/2000/svg"
 width="150.000000pt" height="50.000000pt" viewBox="0 0 900.000000 10.000000"
 preserveAspectRatio="xMidYMid meet">
<g transform="translate(0.000000,10.000000) scale(0.100000,-0.100000)"
fill="#000000" stroke="none">
<path d="M474 1025 c-61 -31 -72 -104 -24 -158 27 -31 30 -41 30 -105 0 -68
-1 -70 -31 -82 -29 -13 -32 -11 -80 36 -44 43 -48 52 -43 80 7 36 -16 88 -45
104 -88 46 -187 -53 -141 -141 16 -29 68 -52 104 -45 28 5 37 1 80 -43 47 -48
49 -51 36 -80 -12 -30 -14 -31 -82 -31 -64 0 -74 3 -105 30 -43 38 -90 40
-131 5 -35 -30 -45 -69 -27 -111 30 -72 105 -86 162 -29 33 33 39 35 102 35
66 0 67 0 79 -32 12 -32 11 -34 -37 -81 -43 -44 -53 -49 -96 -51 -38 -2 -52
-7 -71 -30 -35 -40 -33 -99 5 -137 68 -68 187 -5 168 89 -5 25 1 36 43 77 47
46 49 47 84 35 l36 -12 0 -68 c0 -64 -2 -70 -35 -103 -46 -46 -48 -95 -6 -138
63 -62 171 -20 171 66 0 29 -8 45 -35 72 -33 33 -35 39 -35 102 0 67 0 67 34
83 l33 16 50 -51 c46 -47 50 -55 46 -89 -5 -33 -1 -42 30 -73 39 -39 70 -44
117 -20 60 31 69 107 20 157 -25 24 -37 29 -69 27 -35 -3 -45 2 -90 44 -56 52
-56 54 -39 92 10 23 16 25 79 25 63 0 69 -2 102 -35 39 -39 70 -44 117 -20 91
47 53 185 -50 185 -34 0 -48 -6 -70 -30 -28 -30 -32 -31 -101 -28 -70 3 -73 4
-82 31 -8 26 -5 33 37 76 43 44 51 48 92 47 39 -1 50 3 75 32 40 44 40 93 0
133 -42 41 -101 41 -143 -1 -25 -26 -29 -37 -26 -70 3 -37 -1 -44 -47 -90 -49
-49 -51 -50 -83 -38 -32 12 -32 13 -32 81 0 65 2 70 35 101 45 43 48 91 8 136
-34 37 -77 46 -119 25z m104 -430 c74 -62 33 -169 -66 -169 -26 0 -41 8 -63
32 -81 90 37 214 129 137z"/>
<path d="M1230 526 l0 -296 158 0 c144 0 162 2 202 22 33 17 51 35 68 68 44
88 19 174 -61 210 -23 11 -34 20 -25 20 9 0 30 12 47 26 55 46 54 140 -4 202
l-33 37 -176 3 -176 3 0 -295z m292 187 c12 -11 18 -30 18 -59 0 -64 -16 -74
-116 -74 l-84 0 0 75 0 75 82 0 c62 0 86 -4 100 -17z m16 -239 c18 -12 22 -25
22 -64 0 -72 -13 -80 -126 -80 l-94 0 0 80 0 80 88 0 c63 0 94 -4 110 -16z"/>
<path d="M5570 759 c0 -56 -14 -79 -50 -79 -29 0 -30 -2 -30 -45 0 -43 1 -45
29 -45 l29 0 3 -143 c3 -115 8 -148 22 -170 19 -30 79 -50 135 -45 36 3 37 4
40 45 l3 43 -45 0 -46 0 0 135 0 135 45 0 45 0 0 45 0 45 -45 0 -45 0 0 60 0
60 -45 0 -45 0 0 -41z"/>
<path d="M6765 788 c-2 -7 -6 -33 -7 -58 -3 -43 -5 -45 -35 -48 -32 -3 -33 -5
-33 -48 0 -42 1 -44 30 -44 l30 0 0 -122 c0 -198 19 -230 133 -232 l62 -1 3
42 3 43 -45 0 -46 0 0 135 0 135 45 0 45 0 0 45 0 45 -45 0 -45 0 0 60 0 60
-45 0 c-28 0 -47 -5 -50 -12z"/>
<path d="M8305 788 c-2 -7 -6 -33 -7 -58 -3 -43 -5 -45 -35 -48 -32 -3 -33 -5
-33 -48 0 -42 1 -44 30 -44 l30 0 0 -134 c0 -74 4 -146 10 -160 14 -37 52 -57
120 -63 l60 -6 0 47 0 46 -40 0 -40 0 0 135 0 135 45 0 45 0 0 45 0 45 -45 0
-45 0 0 60 0 60 -45 0 c-28 0 -47 -5 -50 -12z"/>
<path d="M2211 679 c-46 -9 -111 -51 -111 -73 0 -7 10 -22 23 -34 23 -22 47
-29 47 -14 0 15 58 42 89 42 42 0 81 -39 81 -80 0 -30 0 -30 -58 -30 -79 0
-156 -24 -181 -57 -15 -19 -21 -40 -21 -80 0 -49 4 -59 33 -87 59 -60 169 -54
212 10 l21 31 17 -28 c18 -32 52 -49 98 -49 28 0 29 2 29 45 0 38 -3 45 -19
45 -18 0 -19 10 -23 134 -3 117 -6 138 -24 163 -38 53 -124 78 -213 62z m129
-292 c0 -65 -59 -102 -123 -78 -23 9 -27 16 -27 50 0 50 16 60 93 61 l57 0 0
-33z"/>
<path d="M3139 680 c-54 -10 -102 -44 -129 -92 -22 -37 -25 -56 -25 -133 0
-78 3 -96 25 -133 36 -63 96 -96 174 -96 66 1 138 26 168 61 17 19 17 21 -11
47 l-30 28 -30 -21 c-82 -59 -191 -20 -191 69 0 19 5 20 145 20 l145 0 0 43
c0 145 -102 232 -241 207z m100 -97 c12 -10 24 -35 28 -55 l6 -38 -92 0 c-90
0 -91 0 -91 24 0 14 12 38 26 55 20 25 34 31 64 31 21 0 47 -8 59 -17z"/>
<path d="M4003 679 c-17 -5 -43 -23 -57 -40 l-26 -31 0 37 0 36 -52 -3 -53 -3
-3 -222 -2 -223 55 0 55 0 0 159 c0 137 2 162 18 180 25 31 72 37 102 13 24
-20 25 -25 30 -184 l5 -163 53 -3 52 -3 0 160 c0 147 2 163 20 181 31 31 68
36 98 13 27 -20 27 -21 32 -184 l5 -164 53 -3 54 -3 -4 183 c-2 155 -6 188
-21 211 -26 41 -63 60 -112 59 -50 0 -82 -14 -111 -49 l-21 -24 -35 35 c-20
20 -45 36 -56 36 -11 0 -26 2 -34 4 -7 2 -27 0 -45 -5z"/>
<path d="M4674 680 c-42 -6 -90 -31 -111 -59 -17 -22 -17 -25 18 -50 l31 -23
25 24 c19 18 36 23 75 23 58 0 78 -19 78 -72 l0 -33 -57 0 c-76 0 -127 -15
-164 -48 -59 -52 -46 -162 23 -198 64 -34 177 -13 193 36 9 27 17 25 37 -9 11
-21 27 -32 51 -36 60 -12 72 -5 75 43 3 39 1 42 -22 42 l-26 0 0 126 c0 93 -4
135 -15 158 -28 58 -116 90 -211 76z m116 -299 c0 -47 -18 -68 -65 -77 -68
-12 -112 50 -68 98 12 13 31 18 75 18 l58 0 0 -39z"/>
<path d="M5234 680 c-42 -9 -52 -17 -75 -54 l-19 -31 0 43 0 43 -52 -3 -53 -3
0 -220 0 -220 53 -3 52 -3 0 158 c1 170 4 184 54 203 38 14 50 13 77 -9 23
-18 24 -26 29 -183 l5 -163 53 -3 52 -3 0 168 c0 143 -3 174 -19 210 -29 62
-86 89 -157 73z"/>
<path d="M5971 679 c-98 -18 -155 -101 -155 -224 1 -126 55 -203 160 -225 36
-8 64 -8 100 0 53 12 124 53 124 72 0 7 -12 25 -27 40 l-27 28 -29 -27 c-24
-24 -37 -28 -84 -28 -48 0 -58 4 -79 28 -14 16 -24 41 -24 58 l0 29 146 0 147
0 -7 62 c-14 138 -110 211 -245 187z m108 -103 c12 -13 23 -36 24 -52 l2 -29
-87 -3 -88 -3 0 31 c0 71 99 109 149 56z"/>
<path d="M6417 680 c-102 -19 -155 -125 -102 -206 21 -33 61 -51 135 -63 34
-6 68 -15 76 -22 36 -30 -3 -79 -64 -79 -36 0 -66 12 -98 41 -20 19 -21 18
-53 -15 l-32 -33 37 -31 c113 -94 307 -45 321 81 10 84 -36 128 -153 147 -65
11 -84 23 -84 56 0 46 68 58 131 22 l39 -22 30 29 30 29 -21 23 c-35 36 -121
56 -192 43z"/>
<path d="M7500 680 c-19 -5 -47 -22 -62 -39 l-27 -30 -3 32 c-3 31 -4 32 -55
35 l-53 3 0 -226 0 -226 53 3 52 3 3 160 c3 174 7 188 63 199 43 8 75 -8 88
-45 6 -18 11 -95 11 -176 l0 -144 53 3 52 3 0 170 c-1 140 -4 176 -18 205 -28
57 -91 85 -157 70z"/>
<path d="M7930 680 c-107 -20 -160 -95 -160 -225 0 -105 33 -171 103 -207 60
-31 148 -30 212 3 69 34 76 51 41 88 l-29 30 -25 -24 c-42 -42 -131 -45 -166
-6 -9 10 -20 35 -23 55 l-6 36 147 0 146 0 0 48 c0 59 -37 142 -77 170 -42 30
-108 43 -163 32z m85 -86 c19 -8 45 -55 45 -84 0 -19 -6 -20 -90 -20 -84 0
-90 1 -90 20 0 26 26 77 42 83 19 8 74 8 93 1z"/>
<path d="M1784 667 c-2 -7 -3 -107 -2 -222 l3 -210 53 -3 52 -3 0 144 c0 175
6 188 91 197 l54 5 0 50 0 50 -35 -3 c-47 -5 -67 -17 -90 -55 l-20 -32 0 48 0
47 -50 0 c-32 0 -52 -5 -56 -13z"/>
<path d="M2524 663 c3 -10 37 -110 74 -223 l69 -205 63 0 63 0 73 210 c40 116
73 216 73 223 1 8 -15 12 -49 12 l-49 0 -35 -112 c-19 -62 -44 -142 -54 -178
l-19 -65 -17 60 c-10 33 -34 112 -54 175 l-37 115 -53 3 c-48 3 -53 1 -48 -15z"/>
<path d="M3480 455 l0 -226 53 3 52 3 5 155 c5 153 5 155 30 167 14 7 44 13
68 13 l42 0 0 56 c0 47 -3 55 -16 50 -9 -3 -25 -6 -36 -6 -11 0 -35 -15 -53
-33 l-34 -34 -3 36 c-3 36 -3 36 -55 39 l-53 3 0 -226z"/>
<path d="M7056 338 c-36 -51 -7 -108 54 -108 29 0 43 6 54 22 36 51 7 108 -54
108 -29 0 -43 -6 -54 -22z"/>
</g>
</svg>
</div>